1616279895631 6.044685512102911 5
1616281826556 6.155797450976519 5
1616284843307 6.033863546618496 5
1616287490742 5.996023067189667 5
1616288527278 6.049317636004733 5
1616289338078 6.024562130571209 5
1616290170649 6.25578495177878 5
1616290764954 6.264582027792133 5
1616291468904 6.223941013755568 5
1616291977970 6.215882477670948 5
1616292456212 6.212574746075723 5
1616293456168 6.217125999001933 5
1616293985679 6.414365291595459 5
1616295684984 6.43383264541626 5
1616295712939 6.427509307861328 5
1616295741342 6.462597846984863 5
1616295785328 6.457923889160156 5
1616295804610 6.454370975494385 5
1616295837240 6.527935028076172 5
1616295864616 6.452498435974121 5
1616295888307 6.545130252838135 5
1616295905399 6.347466468811035 5
